FT - 1024*512*512
	 T =    1     Checksum =    5.102470850749D+02    5.119971126300D+02
	 T =    1     Checksum =    5.102470850749D+02    5.119971126300D+02
